0|276.3674|82.2688|0|Forest|2|Sttop|3|1|5|111|6|Sttop
1|259.2876|73.12375|0|Forest|50|0|4|3|Sttop|6|Sttop
2|290.6229|91.41385|0|Forest|151|Sttop|6|0|5|113|Sttop
3|276.0984|66.26495|0|Forest|111|0|88|Sttop|8|4|1|Sttop
4|255.9255|66.53393|0|Forest|50|89|88|3|Sttop|1|Sttop
5|294.254|81.32739|0|Forest|2|7|111|0|Sttop|Sttop
6|269.912|91.01039|0|Forest|1|247|2|0|Sttop|244|151|Sttop
7|311.8717|74.46861|0|Forest|112|Sttop|111|113|5|Sttop
8|274.2156|55.02993|0|Forest|111|248|253|3|Sttop|249|252|Sttop
9|250.9495|31.36039|0|Forest|10|Sttop|88|253|254|251|Sttop
10|228.2054|16.24895|0|Forest|14|208|84|Sttop|207|91|9|84|Sttop
11|196.1977|22.83877|0|Forest|82|14|Sttop|84|12|Sttop
12|176.8317|8.717731|0|Forest|47|49|48|11|212|Sttop|14|Sttop
13|197.5426|-4.596388|0|Forest|49|Sttop|115|116|14|49|Sttop
14|207.0911|6.969416|0|Forest|115|13|12|Sttop|10|208|11|Sttop
15|127.8294|-36.80295|0|Forest|197|16|39|118|Sttop|118|16|Sttop
16|91.11465|-45.27557|0|Forest|213|39|120|15|Sttop|15|39|213|Sttop
17|54.80342|-29.80968|0|Forest|265|213|79|18|Sttop|213|265|Sttop
18|44.71696|-13.1334|0|Forest|195|264|191|194|79|Sttop|265|17|79|79|Sttop
19|-49.46293|-59.39661|0|Forest|52|55|Sttop|55|52|56|51|Sttop
20|-136.728|34.13772|0|Forest|240|123|240|239|122|Sttop|240|239|122|123|Sttop
21|-186.4878|78.65262|0|Forest|59|28|224|Sttop|59|29|64|63|28|224|Sttop
22|-155.9595|52.02437|0|Forest|239|222|224|Sttop|122|224|Sttop
23|-155.4216|67.35577|0|Forest|224|58|Sttop|239|58|224|Sttop
24|-215.9095|145.7664|0|Forest|78|129|156|261|33|67|Sttop|156|33|261|129|78|67|Sttop
25|-169.3773|116.8519|0|Forest|132|131|Sttop|131|132|Sttop
26|-220.1796|52.36916|0|Forest|30|217|29|221|223|Sttop|218|223|221|Sttop
27|-216.2795|102.9359|0|Forest|64|33|63|Sttop|63|64|33|Sttop
28|-176.3371|74.29039|0|Forest|59|21|224|Sttop|59|58|21|224|Sttop
29|-204.7137|66.61706|0|Forest|21|223|224|Sttop|64|26|224|Sttop
30|-239.9491|62.44798|0|Forest|101|130|Sttop|26|217|218|Sttop
31|-261.1978|58.81686|0|Forest|101|158|Sttop|95|96|130|236|235|Sttop
32|-237.9318|18.99794|0|Forest|229|Sttop|69|Sttop
33|-226.8519|119.4669|0|Forest|24|63|27|Sttop|27|100|24|Sttop
34|-92.19199|162.4695|0|Forest|183|260|184|Sttop|35|77|183|260|Sttop
35|-83.58488|172.7673|0|Forest|34|Sttop|77|109|183|Sttop
36|-42.85482|102.8902|0|Forest|187|186|124|188|189|134|37|133|Sttop|186|37|188|189|124|134|133|187|Sttop
37|-29.32936|113.8028|0|Forest|36|133|Sttop|185|133|36|Sttop
38|-21.30056|-64.31156|0|Forest|215|53|54|51|Sttop|53|215|51|56|Sttop
39|104.8974|-49.25668|0|Forest|16|119|118|Sttop|16|119|118|15|Sttop
40|188.8698|-28.75291|0|Grass Land|116|Sttop|43|41|49|Sttop
41|187.0254|-47.6578|0|Grass Land|49|242|43|40|Sttop|241|211|42|Sttop
42|215.4596|-42.43206|0|Grass Land|43|41|209|Sttop|242|117|Sttop
43|206.8525|-30.44359|0|Grass Land|115|116|40|Sttop|42|41|117|115|Sttop
44|281.8573|19.81578|0|Grass Land|251|Sttop|114|258|250|Sttop
45|226.8333|46.2519|0|Grass Land|91|92|Sttop|89|50|46|Sttop
46|213.4615|47.94258|0|Grass Land|45|92|85|93|Sttop|93|Sttop
47|169.6575|23.65824|0|Grass Land|81|87|Sttop|82|86|87|12|81|Sttop
48|151.6748|-0.3187079|0|Grass Land|198|87|49|199|Sttop|199|212|49|12|198|Sttop
49|166.5835|-13.07568|0|Grass Land|212|48|40|13|Sttop|41|116|13|12|48|212|Sttop
50|228.6777|62.69762|0|Grass Land|246|45|85|Sttop|202|1|4|89|92|Sttop
51|-38.63442|-50.35847|0|Grass Land|19|52|38|56|Sttop|54|53|38|215|Sttop
52|-43.86017|-44.21053|0|Grass Land|214|19|Sttop|19|214|51|54|Sttop
53|-18.80733|-40.21437|0|Grass Land|38|54|51|Sttop|54|38|Sttop
54|-28.02923|-36.21821|0|Grass Land|53|214|51|52|Sttop|53|38|Sttop
55|-59.8448|-75.1039|0|Grass Land|19|215|56|Sttop|215|19|56|Sttop
56|-43.86017|-69.57076|0|Grass Land|215|19|38|55|Sttop|55|51|Sttop
57|-150.5464|84.05434|0|Grass Land|141|Sttop|60|Sttop
58|-163.9182|74.52505|0|Grass Land|28|23|Sttop|23|Sttop
59|-176.3677|91.73927|0|Grass Land|131|21|28|Sttop|131|21|28|Sttop
60|-146.2428|92.81516|0|Grass Land|57|62|Sttop|225|62|141|Sttop
61|-126.5695|107.4165|0|Grass Land|180|62|182|Sttop|181|225|62|Sttop
62|-134.7155|116.6384|0|Grass Land|182|61|60|Sttop|61|182|60|Sttop
63|-204.4945|110.7979|0|Grass Land|21|64|27|131|Sttop|131|33|27|Sttop
64|-211.4109|95.12062|0|Grass Land|21|29|27|Sttop|63|27|Sttop
65|-271.5439|99.04189|0|Grass Land|66|Sttop|99|102|Sttop
66|-265.5497|107.4953|0|Grass Land|100|99|Sttop|65|261|Sttop
67|-203.3018|158.2114|0|Grass Land|156|104|24|Sttop|78|104|24|Sttop
68|-302.4373|115.6369|0|Grass Land|160|262|263|159|Sttop|159|262|263|160|Sttop
69|-220.2086|6.682711|0|Grass Land|71|32|Sttop|70|171|140|Sttop
70|-213.4459|-2.385492|0|Grass Land|69|Sttop|140|169|170|Sttop
71|-243.5708|15.28982|0|Grass Land|230|233|140|Sttop|69|Sttop
72|-253.8686|-4.690968|0|Grass Land|233|Sttop|229|Sttop
73|-261.3998|-11.4537|0|Grass Land|229|228|232|74|Sttop|228|232|74|Sttop
74|-261.3998|-30.87005|0|Grass Land|73|232|Sttop|73|232|232|Sttop
75|-222.5061|-31.02375|0|Grass Land|179|168|76|Sttop|76|179|Sttop
76|-215.2823|-20.87966|0|Grass Land|75|Sttop|140|169|75|Sttop
77|-94.50966|172.7387|0|Grass Land|35|34|Sttop|110|109|184|Sttop
78|-179.0259|157.913|0|Grass Land|106|67|24|108|Sttop|24|106|108|Sttop
79|44.00696|-34.03867|0|Grass Land|196|18|18|195|Sttop|195|17|18|196|Sttop
80|10.80812|12.37824|0|Grass Land|192|Sttop|190|Sttop
81|184.6431|35.20941|0|Desert|83|93|200|47|Sttop|82|47|86|Sttop
82|185.5653|26.4486|0|Desert|81|47|Sttop|11|Sttop
83|194.3261|33.21133|0|Desert|84|Sttop|81|Sttop
84|203.7017|33.67242|0|Desert|93|11|10|Sttop|83|10|Sttop
85|211.2329|56.57348|0|Desert|200|92|201|Sttop|201|46|50|200|Sttop
86|159.2829|35.6705|0|Desert|199|47|81|200|Sttop|200|199|Sttop
87|156.67|15.22862|0|Desert|47|Sttop|199|48|47|Sttop
88|255.4756|50.34027|0|Desert|9|Sttop|253|4|89|3|Sttop
89|244.5631|54.79752|0|Desert|45|50|88|Sttop|90|4|92|Sttop
90|239.491|49.26438|0|Desert|89|Sttop|91|Sttop
91|233.0357|40.04248|0|Desert|90|10|Sttop|45|Sttop
92|219.9713|58.33258|0|Desert|50|89|Sttop|45|46|85|Sttop
93|202.4422|42.1172|0|Desert|46|200|Sttop|84|81|46|Sttop
94|-275.4079|38.63047|0|Desert|216|98|235|Sttop|95|Sttop
95|-273.2561|50.77264|0|Desert|94|31|235|Sttop|236|Sttop
96|-254.3512|52.05258|0|Desert|31|217|Sttop|235|Sttop
97|-298.0016|39.37206|0|Desert|236|98|Sttop|98|236|Sttop
98|-311.0659|31.68714|0|Desert|97|161|234|Sttop|234|94|161|97|216|Sttop
99|-276.1764|111.2234|0|Desert|159|65|261|262|159|158|Sttop|158|66|158|159|Sttop
100|-245.8978|101.0793|0|Desert|33|Sttop|66|Sttop
101|-263.184|71.4473|0|Desert|102|158|Sttop|130|30|130|31|218|Sttop
102|-272.867|85.43385|0|Desert|158|65|218|Sttop|236|101|218|Sttop
103|-204.625|178.7313|0|Desert|106|156|155|Sttop|104|105|106|Sttop
104|-200.3214|169.3557|0|Desert|106|103|67|Sttop|67|Sttop
105|-164.356|184.5718|0|Desert|153|107|106|103|Sttop|106|153|107|Sttop
106|-179.5721|173.5055|0|Desert|108|105|103|78|Sttop|105|108|78|104|103|155|Sttop
107|-149.2935|194.1011|0|Desert|152|108|105|Sttop|108|105|152|Sttop
108|-150.6768|177.348|0|Desert|107|106|78|152|Sttop|106|107|78|152|Sttop
109|-75.62099|181.9017|0|Desert|183|35|77|Sttop|110|Sttop
110|-88.37796|180.8258|0|Desert|109|77|Sttop|184|Sttop
111|300.6188|71.15276|0|Swamp|7|0|204|Sttop|204|5|3|8|248|249|112|Sttop
112|321.3681|68.84728|0|Swamp|150|111|Sttop|7|150|Sttop
113|304.1539|81.29684|0|Swamp|2|7|Sttop|Sttop
114|289.8599|20.73969|0|Swamp|204|44|258|Sttop|258|204|Sttop
115|204.8647|-6.857468|0|Swamp|13|117|43|Sttop|43|14|Sttop
116|184.8839|-18.07745|0|Swamp|49|13|Sttop|40|43|Sttop
117|223.0011|-21.45881|0|Swamp|208|43|42|Sttop|209|115|Sttop
118|120.8924|-54.68691|0|Swamp|15|39|119|Sttop|119|39|15|Sttop
119|98.45242|-54.22581|0|Swamp|118|39|120|Sttop|120|39|118|Sttop
120|63.1018|-54.68691|0|Swamp|119|213|196|Sttop|196|16|119|Sttop
121|-136.6719|8.30723|0|Swamp|178|240|Sttop|240|178|Sttop
122|-151.2733|44.68208|0|Swamp|20|22|Sttop|239|222|20|Sttop
123|-111.0043|38.07305|0|Swamp|177|240|20|Sttop|177|20|Sttop
124|-55.07251|128.4444|0|Swamp|36|134|Sttop|36|134|Sttop
125|-301.99|-44.84847|0|Swamp|231|139|Sttop|127|231|Sttop
126|-319.3579|-39.62272|0|Swamp|164|165|Sttop|165|164|Sttop
127|-285.5443|-48.69093|0|Swamp|139|125|128|167|Sttop|167|238|139|Sttop
128|-272.1725|-45.61696|0|Swamp|231|232|167|Sttop|167|237|127|Sttop
129|-277.2445|147.1109|0|Swamp|24|157|262|Sttop|157|24|263|261|262|Sttop
130|-254.7602|60.3251|0|Hill|101|101|31|Sttop|217|30|Sttop
131|-178.0194|104.7439|0|Hill|25|59|63|Sttop|25|59|63|Sttop
132|-174.9454|122.4192|0|Hill|25|Sttop|25|Sttop
133|-30.80152|130.0231|0|Volcano|36|37|134|Sttop|134|37|36|Sttop
134|-47.24724|129.2546|0|Volcano|36|133|124|Sttop|124|133|36|Sttop
135|264.0272|115.6772|0|Volcano|146|145|Sttop|247|147|Sttop
136|235.1319|100.6148|0|Volcano|147|246|148|Sttop|147|245|Sttop
137|-203.8313|-55.51188|0|Volcano|138|168|Sttop|168|138|Sttop
138|-215.0513|-55.35818|0|Volcano|179|137|Sttop|137|179|Sttop
139|-297.445|-54.0617|0|Volcano|166|231|127|Sttop|127|125|165|166|Sttop
140|-221.6717|-10.41136|0|Volcano|70|76|69|Sttop|233|71|169|Sttop
141|-148.2082|73.34991|0|Volcano|239|60|Sttop|57|Sttop
142|-33.45197|175.4919|0|Ice Field|154|183|Sttop|183|154|Sttop
143|177.1989|-94.26833|0|Ice Field|209|242|210|Sttop|210|242|209|Sttop
144|263.7417|136.1049|0|Ice Field|145|146|Sttop|146|145|Sttop
145|252.2143|124.1164|0|Ice Field|149|147|144|Sttop|144|135|149|Sttop
146|270.8118|121.811|0|Ice Field|144|151|Sttop|135|151|144|Sttop
147|243.4535|107.2096|0|Ice Field|135|244|245|136|Sttop|145|136|245|244|Sttop
148|224.856|106.1337|0|Ice Field|149|Sttop|203|136|Sttop
149|215.173|100.6006|0|Ice Field|203|271|145|Sttop|145|271|148|203|Sttop
150|305.855|102.1376|0|Ice Field|151|112|Sttop|112|151|Sttop
151|290.1778|101.2154|0|Ice Field|146|6|150|Sttop|150|2|146|Sttop
152|-136.1771|201.633|0|Ice Field|184|153|107|108|Sttop|184|153|107|108|Sttop
153|-159.3856|204.3995|0|Ice Field|152|105|155|Sttop|152|105|155|Sttop
154|-14.44805|170.1248|0|Ice Field|185|142|Sttop|142|185|Sttop
155|-207.8125|193.3333|0|Ice Field|106|153|156|Sttop|156|103|153|Sttop
156|-231.6357|181.3448|0|Ice Field|155|24|Sttop|103|67|155|24|Sttop
157|-247.1592|182.5744|0|Ice Field|129|Sttop|129|Sttop
158|-289.4695|68.26713|0|Beach|99|99|236|Sttop|236|102|101|31|99|Sttop
159|-313.2928|112.2249|0|Beach|68|99|Sttop|99|68|99|Sttop
160|-318.5185|139.1221|0|Beach|263|68|Sttop|68|263|Sttop
161|-316.213|26.76663|0|Beach|162|98|Sttop|162|98|234|Sttop
162|-314.8298|14.31707|0|Beach|161|227|Sttop|161|227|Sttop
163|-328.3552|-19.34287|0|Beach|227|164|Sttop|164|227|Sttop
164|-328.3552|-29.48697|0|Beach|163|126|Sttop|126|163|Sttop
165|-318.9796|-53.8568|0|Beach|126|139|166|Sttop|166|126|Sttop
166|-300.6895|-63.0787|0|Beach|165|139|Sttop|139|165|Sttop
167|-270.2572|-59.54364|0|Beach|127|128|237|Sttop|237|127|128|Sttop
168|-205.7039|-43.71271|0|Beach|137|179|169|Sttop|169|75|137|Sttop
169|-201.8615|-20.35056|0|Beach|168|70|76|140|170|Sttop|170|168|Sttop
170|-204.3206|-0.5234718|0|Beach|169|70|171|173|Sttop|171|169|173|Sttop
171|-209.239|11.7724|0|Beach|170|69|221|Sttop|221|170|Sttop
172|-195.4061|22.83869|0|Beach|220|Sttop|173|220|Sttop
173|-180.0363|6.392956|0|Beach|172|170|174|Sttop|174|170|Sttop
174|-158.9796|-1.291962|0|Beach|173|176|178|Sttop|175|176|173|Sttop
175|-148.2207|-2.521544|0|Beach|174|176|272|Sttop|176|272|178|Sttop
176|-146.2227|-17.58398|0|Beach|174|175|272|Sttop|175|174|272|Sttop
177|-121.4772|-4.058533|0|Beach|272|123|Sttop|272|178|123|Sttop
178|-133.0046|0.5524254|0|Beach|177|175|121|Sttop|121|174|Sttop
179|-241.3619|-43.55901|0|Beach|237|75|138|Sttop|138|75|168|237|Sttop
180|-110.8603|98.10909|0|Beach|225|181|Sttop|61|225|181|Sttop
181|-121.3118|116.5529|0|Beach|61|182|180|Sttop|182|180|Sttop
182|-127.6134|126.3896|0|Beach|184|181|62|Sttop|184|62|181|61|Sttop
183|-72.28204|171.6073|0|Beach|142|260|35|34|Sttop|142|109|34|Sttop
184|-100.5625|176.6793|0|Beach|110|77|182|152|Sttop|260|34|182|152|Sttop
185|-22.08566|120.8868|0|Beach|37|154|Sttop|154|Sttop
186|-29.30948|69.55154|0|Beach|187|36|Sttop|187|36|Sttop
187|-19.78019|81.69371|0|Beach|267|186|36|Sttop|267|186|36|Sttop
188|-60.97134|92.85891|0|Beach|36|189|Sttop|36|Sttop
189|-64.35271|98.69945|0|Beach|36|Sttop|188|36|Sttop
190|10.90151|17.44904|0|Beach|268|80|Sttop|268|192|Sttop
191|41.95825|1.206001|0|Beach|193|264|192|Sttop|266|18|Sttop
192|20.59417|4.433664|0|Beach|193|190|Sttop|80|194|191|Sttop
193|24.43663|-0.02359009|0|Beach|194|195|Sttop|191|192|Sttop
194|26.74211|-16.62301|0|Beach|195|192|Sttop|193|18|Sttop
195|32.58265|-23.84683|0|Beach|79|214|Sttop|194|18|193|214|79|Sttop
196|57.48178|-59.04376|0|Beach|120|213|215|79|Sttop|79|215|120|Sttop
197|131.2682|-30.76326|0|Beach|198|Sttop|15|198|Sttop
198|136.1866|-8.630692|0|Beach|212|197|48|Sttop|48|197|212|Sttop
199|148.9435|15.80735|0|Beach|48|87|269|86|Sttop|200|86|269|48|Sttop
200|176.2363|46.96502|0|Beach|199|86|85|Sttop|85|93|81|86|Sttop
201|221.8847|75.55292|0|Beach|85|203|Sttop|203|85|Sttop
202|224.6513|79.39538|0|Beach|50|Sttop|246|Sttop
203|220.194|92.15234|0|Beach|201|148|149|Sttop|149|201|Sttop
204|295.2822|36.23438|0|Beach|111|249|114|Sttop|114|250|111|Sttop
205|281.1419|-1.421715|0|Beach|255|Sttop|257|Sttop
206|259.1631|-0.3458252|0|Beach|259|256|209|Sttop|207|209|259|Sttop
207|239.7971|14.40922|0|Beach|206|10|254|208|Sttop|208|Sttop
208|217.9719|-3.112396|0|Beach|207|14|Sttop|117|10|207|Sttop
209|232.727|-59.32417|0|Beach|117|242|206|242|143|Sttop|143|42|206|242|Sttop
210|173.5531|-86.06768|0|Beach|143|211|Sttop|241|211|242|143|Sttop
211|168.0199|-48.71898|0|Beach|241|210|41|212|Sttop|212|210|Sttop
212|150.8057|-25.97161|0|Beach|211|48|49|198|Sttop|198|49|211|12|Sttop
213|64.19776|-42.72474|0|Beach|17|16|Sttop|16|120|196|17|Sttop
214|-36.97713|-32.88605|0|Beach|195|52|Sttop|195|52|54|Sttop
215|-36.20864|-76.69009|0|Beach|196|55|38|51|Sttop|196|38|55|56|Sttop
216|-283.8687|22.10583|0|Hill|234|235|98|Sttop|94|230|Sttop
217|-242.0627|41.31813|0|Hill|130|30|221|Sttop|26|235|96|Sttop
218|-241.6016|82.2019|0|Hill|102|26|30|101|Sttop|102|Sttop
219|-181.5056|49.77154|0|Hill|222|223|224|Sttop|220|224|Sttop
220|-195.3384|38.85896|0|Hill|221|219|172|Sttop|172|223|221|Sttop
221|-203.0233|35.1702|0|Hill|171|223|26|220|Sttop|220|26|217|171|Sttop
222|-162.9081|48.54195|0|Hill|122|Sttop|22|219|Sttop
223|-199.1809|42.85511|0|Hill|220|26|224|Sttop|221|219|29|26|224|Sttop
224|-185.348|64.21919|0|Hill|219|28|21|23|22|29|223|Sttop|23|29|28|219|21|22|223|Sttop
225|-134.935|96.49584|0|Hill|60|61|239|180|Sttop|180|239|Sttop
226|-291.0925|-15.93241|0|Hill|227|228|232|Sttop|228|227|232|Sttop
227|-301.2366|-6.403117|0|Hill|162|163|234|226|Sttop|162|163|234|226|Sttop
228|-274.9542|-2.099563|0|Hill|229|73|234|226|Sttop|234|73|226|Sttop
229|-259.2769|12.34808|0|Hill|230|72|234|Sttop|32|228|73|Sttop
230|-261.4287|21.10889|0|Hill|235|234|216|Sttop|229|71|Sttop
231|-295.2424|-36.2206|0|Hill|238|125|Sttop|232|125|128|139|Sttop
232|-274.3394|-27.92089|0|Hill|226|73|74|74|238|231|Sttop|73|226|74|238|128|Sttop
233|-242.9849|-6.095721|0|Hill|140|Sttop|71|72|Sttop
234|-296.3183|7.122339|0|Hill|98|161|228|227|Sttop|216|228|227|98|230|229|Sttop
235|-262.6583|33.55846|0|Grass Land|96|217|31|Sttop|94|95|216|230|Sttop
236|-283.8687|51.23377|0|Grass Land|158|95|102|31|97|Sttop|97|158|Sttop
237|-256.6011|-42.96212|0|Forest|167|128|179|Sttop|179|167|Sttop
238|-282.7298|-30.51255|0|Forest|232|127|Sttop|232|231|Sttop
239|-148.6644|56.75043|0|Forest|20|122|23|225|Sttop|22|141|225|20|Sttop
240|-127.4541|26.77925|0|Forest|121|20|Sttop|123|20|20|121|Sttop
241|181.0943|-65.63161|0|Forest|210|41|242|Sttop|211|Sttop
242|210.7581|-59.94477|0|Forest|42|210|143|209|Sttop|209|143|241|41|209|Sttop
243|235.6696|86.38847|0|Grass Land|245|Sttop|246|Sttop
244|259.8003|94.38078|0|Grass Land|147|6|Sttop|147|247|Sttop
245|239.9732|92.229|0|Grass Land|147|136|Sttop|147|243|Sttop
246|231.3661|79.31834|0|Grass Land|243|202|Sttop|136|50|Sttop
247|265.1797|98.99173|0|Grass Land|135|244|Sttop|6|Sttop
248|279.4737|45.5047|0|Grass Land|111|249|Sttop|8|252|253|Sttop
249|290.5399|45.5047|0|Grass Land|111|8|Sttop|248|204|250|Sttop
250|277.3219|32.59404|0|Grass Land|204|249|44|Sttop|252|Sttop
251|266.1019|23.83324|0|Grass Land|254|9|Sttop|255|44|252|253|Sttop
252|266.8704|35.05322|0|Grass Land|250|248|8|251|Sttop|253|Sttop
253|258.417|35.51431|0|Grass Land|252|248|88|9|251|Sttop|8|Sttop
254|253.6523|18.30009|0|Grass Land|9|Sttop|256|207|251|Sttop
255|276.0923|6.157921|0|Grass Land|256|251|Sttop|205|258|Sttop
256|261.7983|7.387508|0|Grass Land|254|Sttop|255|206|Sttop
257|291.3084|-2.141792|0|Grass Land|259|205|Sttop|Sttop
258|292.3843|8.463398|0|Grass Land|114|44|255|259|Sttop|259|114|Sttop
259|294.6898|-4.293568|0|Grass Land|258|206|Sttop|257|206|258|Sttop
260|-93.89352|143.1736|0|Volcano|184|34|Sttop|183|34|Sttop
261|-264.1872|135.9756|0|Desert|24|66|262|129|Sttop|99|24|Sttop
262|-285.705|134.285|0|Desert|68|129|Sttop|263|261|99|68|129|Sttop
263|-299.0767|139.5107|0|Desert|129|262|160|68|Sttop|160|68|Sttop
264|51.68172|1.915174|0|Forest|266|265|Sttop|265|18|191|266|Sttop
265|58.29074|-10.68809|0|Forest|264|18|17|Sttop|17|264|Sttop
266|50.75953|9.446397|0|Forest|191|264|Sttop|264|Sttop
267|1.937719|74.20542|0|Volcano|268|187|Sttop|187|268|Sttop
268|24.37768|56.22271|0|Ice Field|270|190|267|Sttop|267|190|270|Sttop
269|103.6251|59.2252|0|Hill|199|270|Sttop|270|199|Sttop
270|94.09579|64.14355|0|Hill|269|268|Sttop|268|269|Sttop
271|199.9946|107.9036|0|Forest|149|Sttop|149|Sttop
272|-130.1572|-14.6853|0|Forest|175|177|176|Sttop|177|175|176|Sttop
