0|-274.9752|-28.59446|0|Forest|113|6|2|Sttop|7|4|Sttop
1|-295.4171|-36.27938|0|Forest|147|2|Sttop|148|147|Sttop
2|-290.345|-29.36295|0|Forest|3|6|Sttop|113|1|78|0|Sttop
3|-296.1856|-15.3764|0|Forest|128|Sttop|124|2|128|113|Sttop
4|-261.296|-31.05363|0|Forest|7|6|0|Sttop|112|5|80|Sttop
5|-260.0664|-47.03827|0|Forest|80|6|4|Sttop|6|80|Sttop
6|-271.7475|-45.80868|0|Forest|5|Sttop|147|5|0|4|2|Sttop
7|-269.1346|-23.52242|0|Forest|0|Sttop|4|Sttop
8|-226.0991|-7.230382|0|Forest|79|110|9|116|114|108|115|Sttop|9|114|116|110|108|115|Sttop
9|-215.1865|-20.44845|0|Forest|8|79|45|Sttop|10|79|8|45|Sttop
10|-207.6553|-12.91723|0|Forest|9|Sttop|11|Sttop
11|-202.5833|-18.75776|0|Forest|10|45|Sttop|45|Sttop
12|-228.0972|-46.26977|0|Forest|45|80|146|79|Sttop|80|146|45|79|Sttop
13|-208.6455|55.75028|0|Forest|18|Sttop|14|Sttop
14|-213.7176|74.50149|0|Forest|13|Sttop|15|Sttop
15|-204.342|66.50917|0|Forest|18|14|Sttop|16|141|Sttop
16|-194.0442|58.51685|0|Forest|15|17|Sttop|153|Sttop
17|-181.902|54.5207|0|Forest|153|154|Sttop|16|18|Sttop
18|-200.0384|54.0596|0|Forest|19|17|Sttop|15|13|Sttop
19|-181.7483|49.75605|0|Forest|20|Sttop|18|154|Sttop
20|-171.7579|44.22291|0|Forest|82|21|Sttop|154|19|82|Sttop
21|-155.4659|47.29688|0|Forest|33|77|38|40|44|154|Sttop|39|40|38|51|20|Sttop
22|-265.5139|107.3451|0|Forest|27|Sttop|25|24|23|Sttop
23|-275.8117|111.4949|0|Forest|27|22|Sttop|24|26|Sttop
24|-261.5178|113.493|0|Forest|23|22|Sttop|25|74|Sttop
25|-245.9942|101.0434|0|Forest|64|22|24|Sttop|139|27|Sttop
26|-285.8021|117.4892|0|Forest|23|Sttop|Sttop
27|-271.3545|99.04536|0|Forest|65|25|Sttop|23|22|Sttop
28|-298.2517|110.2654|0|Forest|29|47|Sttop|47|Sttop
29|-302.5552|116.1059|0|Forest|75|Sttop|28|Sttop
30|-120.0789|90.28456|0|Forest|37|31|Sttop|34|Sttop
31|-130.0693|86.28841|0|Forest|138|Sttop|135|32|30|Sttop
32|-133.4506|78.29609|0|Forest|33|31|133|138|Sttop|36|Sttop
33|-132.5284|72.91664|0|Forest|77|Sttop|32|21|35|Sttop
34|-109.9348|89.66977|0|Forest|35|30|135|Sttop|135|35|Sttop
35|-119.4641|66.76871|0|Riverine|33|40|34|251|Sttop|34|77|40|251|Sttop
36|-139.5986|72.76295|0|Riverine|133|32|Sttop|76|Sttop
37|-122.6917|74.60732|0|Riverine|Sttop|30|Sttop
38|-123.1528|34.93662|0|Riverine|49|21|50|42|Sttop|49|39|21|40|42|50|Sttop
39|-134.8339|27.5591|0|Riverine|21|38|40|42|44|Sttop|43|Sttop
40|-132.0673|46.1566|0|Riverine|41|35|21|38|Sttop|41|77|49|21|39|35|Sttop
41|-115.929|43.39003|0|Riverine|40|Sttop|40|Sttop
42|-128.9934|4.918764|0|Beach|38|43|Sttop|39|50|38|Sttop
43|-148.3594|-2.458757|0|Beach|39|50|44|52|261|Sttop|42|44|261|Sttop
44|-158.9646|-0.921772|0|Beach|43|Sttop|43|50|39|21|Sttop
45|-205.3415|-43.52418|0|Beach|11|145|12|9|52|Sttop|12|11|145|9|52|Sttop
46|-304.9626|34.23614|0|Beach|66|47|Sttop|57|47|Sttop
47|-298.661|86.71471|0|Beach|28|48|46|Sttop|65|28|48|46|Sttop
48|-318.6418|138.8653|0|Beach|144|47|Sttop|75|144|47|Sttop
49|-111.6457|44.53089|0|Beach|38|40|248|Sttop|38|248|Sttop
50|-121.6361|-3.921223|0|Beach|38|42|44|52|261|Sttop|43|38|261|Sttop
51|-180.3489|7.145061|0|Beach|21|52|82|Sttop|82|Sttop
52|-208.7831|11.44861|0|Beach|117|45|Sttop|51|43|50|118|45|Sttop
53|-275.7084|38.47255|0|Grass Land|56|61|Sttop|54|66|61|Sttop
54|-273.0955|51.53691|0|Grass Land|53|62|Sttop|55|Sttop
55|-261.1071|59.83662|0|Grass Land|56|54|Sttop|64|62|Sttop
56|-255.4202|52.4591|0|Grass Land|63|60|Sttop|55|53|Sttop
57|-311.2127|31.70982|0|Grass Land|46|125|61|Sttop|125|61|Sttop
58|-289.2339|68.59743|0|Grass Land|65|62|66|Sttop|66|65|Sttop
59|-237.1301|42.00761|0|Grass Land|60|119|120|Sttop|63|120|119|Sttop
60|-257.572|36.47447|0|Grass Land|121|61|Sttop|59|56|61|Sttop
61|-283.547|23.87121|0|Grass Land|67|121|66|53|60|57|Sttop|121|67|66|53|60|57|Sttop
62|-275.5547|68.75113|0|Grass Land|55|Sttop|66|54|58|Sttop
63|-245.4298|47.84815|0|Hill|152|59|Sttop|56|Sttop
64|-253.8832|77.81934|0|Hill|55|Sttop|25|Sttop
65|-280.7805|80.12482|0|Hill|47|58|Sttop|58|27|Sttop
66|-289.3875|38.62625|0|Hill|58|62|53|61|Sttop|46|58|61|Sttop
67|-283.2396|11.88274|0|Hill|123|61|Sttop|122|61|Sttop
68|-211.7699|32.32462|0|Hill|118|Sttop|119|Sttop
69|-188.5614|105.485|0|Hill|131|130|143|Sttop|142|Sttop
70|-159.3587|109.8013|0|Hill|83|76|85|130|Sttop|138|131|Sttop
71|-172.1157|137.6813|0|Hill|130|149|Sttop|85|Sttop
72|-195.3241|138.2961|0|Hill|143|104|87|Sttop|130|149|Sttop
73|-264.7958|149.6697|0|Hill|98|105|144|Sttop|144|98|105|87|Sttop
74|-242.3559|127.8446|0|Hill|24|139|Sttop|105|104|Sttop
75|-308.7535|133.0703|0|Hill|48|Sttop|29|Sttop
76|-165.5067|84.08948|0|Hill|36|133|Sttop|70|Sttop
77|-132.7689|56.60644|0|Hill|40|35|Sttop|33|21|Sttop
78|-315.5163|-39.52374|0|Hill|148|107|2|Sttop|107|148|Sttop
79|-225.449|-19.69665|0|Hill|115|9|80|12|Sttop|8|9|12|80|Sttop
80|-246.5057|-36.44977|0|Hill|12|5|4|79|Sttop|5|12|79|Sttop
81|-269.5605|-7.554476|0|Hill|122|113|Sttop|111|123|Sttop
82|-184.9041|24.40998|0|Hill|51|20|Sttop|20|51|Sttop
83|-139.2557|134.1399|0|Hill|134|85|Sttop|84|70|Sttop
84|-152.6275|146.2821|0|Riverine|83|85|86|Sttop|85|86|Sttop
85|-155.5478|138.5972|0|Riverine|84|134|71|Sttop|70|83|84|Sttop
86|-154.3182|157.041|0|Riverine|84|149|95|Sttop|149|84|95|Sttop
87|-235.7783|148.7413|0|Riverine|104|73|Sttop|151|150|105|72|Sttop
88|-135.2596|202.4235|0|Ice Field|103|102|90|89|Sttop|94|90|89|Sttop
89|-159.0828|204.5753|0|Ice Field|94|102|88|100|Sttop|96|88|100|Sttop
90|-91.76293|182.9038|0|Ice Field|250|91|252|88|103|Sttop|91|250|249|88|103|Sttop
91|-73.62652|179.0614|0|Ice Field|90|249|250|92|Sttop|249|90|251|92|Sttop
92|-35.50933|174.9115|0|Ice Field|91|93|Sttop|93|91|Sttop
93|-13.37677|169.9931|0|Ice Field|92|246|Sttop|92|246|Sttop
94|-154.0108|183.9797|0|Ice Field|88|95|Sttop|89|95|Sttop
95|-164.4622|173.3745|0|Ice Field|101|102|94|103|86|Sttop|102|101|94|103|86|Sttop
96|-173.3768|189.2054|0|Ice Field|89|99|Sttop|99|102|Sttop
97|-217.0271|179.8298|0|Ice Field|100|150|Sttop|150|100|Sttop
98|-248.8427|179.8298|0|Ice Field|151|100|73|Sttop|73|151|100|Sttop
99|-196.4315|180.752|0|Hill|96|100|Sttop|100|96|Sttop
100|-207.3441|188.5907|0|Hill|99|97|89|98|Sttop|97|99|89|98|Sttop
101|-176.7581|175.3726|0|Hill|149|95|Sttop|95|149|Sttop
102|-161.0809|189.5128|0|Hill|95|96|Sttop|103|95|89|88|Sttop
103|-145.7111|175.3726|0|Hill|102|95|90|Sttop|88|95|90|Sttop
104|-227.786|141.6755|0|Swamp|105|74|143|Sttop|139|87|72|Sttop
105|-249.3038|137.5257|0|Swamp|74|73|87|Sttop|104|73|Sttop
106|-225.223|92.21288|0|Swamp|140|141|Sttop|152|Sttop
107|-324.6658|-18.83853|0|Swamp|78|128|Sttop|128|78|Sttop
108|-253.1104|0.8356667|0|Hill|111|8|Sttop|109|8|Sttop
109|-245.2718|7.454803|0|Grass Land|108|Sttop|110|Sttop
110|-243.4274|15.60082|0|Grass Land|109|119|8|Sttop|8|116|120|Sttop
111|-261.5638|2.536457|0|Grass Land|81|121|Sttop|112|108|Sttop
112|-261.5638|-11.4501|0|Grass Land|4|111|Sttop|114|113|Sttop
113|-273.706|-16.98323|0|Grass Land|2|112|124|3|Sttop|0|81|Sttop
114|-254.1863|-4.53367|0|Grass Land|112|8|Sttop|115|8|Sttop
115|-243.8885|-13.60188|0|Grass Land|114|8|Sttop|79|8|Sttop
116|-220.9875|6.993706|0|Grass Land|110|8|Sttop|117|8|Sttop
117|-215.7617|14.37123|0|Grass Land|116|Sttop|52|118|Sttop
118|-213.9173|24.82271|0|Grass Land|117|52|Sttop|68|Sttop
119|-227.9039|29.89476|0|Grass Land|68|120|59|Sttop|110|59|120|Sttop
120|-248.8069|26.5134|0|Grass Land|110|59|119|Sttop|121|119|59|Sttop
121|-264.9452|20.36547|0|Grass Land|61|120|Sttop|111|60|61|Sttop
122|-276.6263|5.303027|0|Grass Land|67|Sttop|81|Sttop
123|-288.3073|3.612344|0|Grass Land|125|81|Sttop|67|124|Sttop
124|-289.3832|-7.761333|0|Grass Land|3|123|126|Sttop|126|113|Sttop
125|-299.9884|13.29534|0|Grass Land|57|126|Sttop|127|123|57|Sttop
126|-310.2862|-1.6134|0|Grass Land|129|124|Sttop|128|125|124|Sttop
127|-315.366|7.608501|0|Grass Land|125|129|Sttop|129|Sttop
128|-307.9885|-9.298317|0|Grass Land|126|107|3|Sttop|3|129|107|Sttop
129|-318.7473|-5.30216|0|Beach|127|128|Sttop|126|127|Sttop
130|-175.3785|122.4981|0|Desert|72|131|143|Sttop|71|69|70|Sttop
131|-178.2987|104.9765|0|Desert|132|70|Sttop|69|130|Sttop
132|-175.2248|92.21951|0|Desert|141|Sttop|131|Sttop
133|-156.781|89.29924|0|Desert|134|138|Sttop|32|36|76|138|Sttop
134|-139.2593|125.4184|0|Desert|137|Sttop|83|133|85|137|Sttop
135|-117.4342|99.90443|0|Grass Land|31|34|136|Sttop|136|34|Sttop
136|-126.6561|108.2041|0|Grass Land|135|Sttop|138|137|135|Sttop
137|-134.4947|117.5797|0|Grass Land|136|134|Sttop|134|138|Sttop
138|-145.7147|93.2954|0|Grass Land|136|137|70|133|Sttop|31|32|133|Sttop
139|-232.2469|113.7373|0|Forest|25|104|Sttop|140|143|74|Sttop
140|-223.6397|99.44333|0|Forest|142|139|Sttop|106|Sttop
141|-212.4198|86.53267|0|Forest|15|152|Sttop|132|142|106|Sttop
142|-215.9548|102.8247|0|Forest|69|141|Sttop|140|Sttop
143|-203.9664|111.4318|0|Forest|139|Sttop|72|130|69|104|Sttop
144|-276.9731|147.2821|0|Volcano|73|48|Sttop|48|73|Sttop
145|-198.5869|-53.54615|0|Volcano|45|146|Sttop|45|146|Sttop
146|-217.6455|-56.15903|0|Volcano|12|145|Sttop|12|145|Sttop
147|-280.2007|-57.23492|0|Volcano|6|1|Sttop|1|Sttop
148|-308.7886|-57.23492|0|Volcano|1|78|Sttop|78|Sttop
149|-179.0308|154.8155|0|Hill|86|72|101|Sttop|101|71|86|Sttop
150|-214.9962|158.8116|0|Hill|97|87|151|Sttop|151|97|Sttop
151|-251.0296|160.9634|0|Hill|150|87|98|Sttop|98|150|Sttop
152|-234.8574|80.66847|0|Hill|106|Sttop|63|141|Sttop
153|-176.0298|74.19787|0|Hill|16|Sttop|17|Sttop
154|-161.7359|61.13351|0|Hill|20|19|Sttop|21|17|Sttop
155|214.6135|-16.81448|0|Forest|209|157|292|Sttop|292|157|212|Sttop
156|205.3916|-6.977778|0|Forest|292|209|189|Sttop|275|161|Sttop
157|193.2494|-14.3553|0|Forest|155|275|Sttop|161|155|162|Sttop
158|194.3253|-18.19776|0|Forest|159|Sttop|214|213|209|Sttop
159|174.6519|-23.8846|0|Forest|225|161|162|Sttop|215|158|160|Sttop
160|159.4358|-18.35146|0|Forest|288|159|215|268|Sttop|215|Sttop
161|181.1072|-9.436951|0|Forest|188|156|157|Sttop|225|159|Sttop
162|184.796|-18.35146|0|Forest|188|157|Sttop|159|Sttop
163|242.522|106.7232|0|Forest|167|172|169|Sttop|172|167|164|169|Sttop
164|224.8466|105.4936|0|Forest|168|163|172|Sttop|165|172|Sttop
165|215.3173|100.729|0|Forest|164|297|172|Sttop|297|168|Sttop
166|270.6487|121.7866|0|Forest|171|Sttop|231|167|171|Sttop
167|264.3471|116.0997|0|Forest|232|166|163|169|Sttop|163|224|169|Sttop
168|252.0513|124.5531|0|Forest|232|165|Sttop|164|232|Sttop
169|259.7362|101.191|0|Forest|221|224|172|163|167|Sttop|224|221|223|163|167|Sttop
170|305.692|101.8058|0|Forest|180|181|171|Sttop|171|182|180|Sttop
171|290.1685|101.0373|0|Forest|170|223|166|224|182|Sttop|166|224|170|182|Sttop
172|240.3702|91.50798|0|Forest|163|297|164|Sttop|221|223|169|297|165|164|163|Sttop
173|275.8745|6.393379|0|Forest|174|295|Sttop|295|174|Sttop
174|262.6564|6.854477|0|Forest|294|295|201|173|Sttop|173|201|295|Sttop
175|284.0205|23.915|0|Forest|176|205|200|178|Sttop|205|200|176|199|Sttop
176|291.398|9.621048|0|Forest|177|175|Sttop|175|177|Sttop
177|293.5498|-3.597012|0|Forest|295|176|Sttop|176|295|Sttop
178|276.9504|32.3684|0|Forest|200|296|Sttop|296|200|175|Sttop
179|285.4038|77.24832|0|Forest|223|216|Sttop|182|216|Sttop
180|312.1473|74.02066|0|Forest|206|181|170|Sttop|170|208|206|Sttop
181|304.4624|81.39818|0|Forest|182|Sttop|208|170|180|Sttop
182|295.2405|84.31846|0|Forest|223|179|170|171|Sttop|181|208|171|Sttop
183|156.261|7.691526|0|Grass Land|184|Sttop|278|Sttop
184|151.0352|0.314003|0|Grass Land|226|Sttop|183|Sttop
185|157.1832|-3.682156|0|Grass Land|225|Sttop|226|Sttop
186|168.8643|13.68576|0|Grass Land|276|Sttop|187|Sttop
187|177.7788|8.767414|0|Grass Land|186|192|Sttop|188|Sttop
188|189.4598|5.847144|0|Grass Land|187|190|Sttop|161|162|192|Sttop
189|212.5146|18.45041|0|Grass Land|275|196|Sttop|220|292|156|Sttop
190|196.3763|22.75396|0|Grass Land|191|220|Sttop|192|275|188|220|Sttop
191|203.6001|33.51285|0|Grass Land|218|Sttop|190|192|Sttop
192|184.5415|35.51093|0|Grass Land|190|276|191|195|188|Sttop|276|298|194|218|187|Sttop
193|226.8085|46.26982|0|Grass Land|217|194|196|Sttop|196|217|194|Sttop
194|213.5905|47.4994|0|Grass Land|218|192|193|195|Sttop|195|193|Sttop
195|211.4387|56.72131|0|Grass Land|297|194|279|Sttop|298|217|192|194|Sttop
196|224.6568|34.58874|0|Grass Land|220|198|193|293|197|Sttop|293|218|197|189|193|Sttop
197|255.5372|50.39521|0|Grass Land|196|216|Sttop|216|196|Sttop
198|249.2355|37.94564|0|Grass Land|199|204|203|201|Sttop|196|203|199|Sttop
199|266.2961|35.02537|0|Grass Land|204|198|175|Sttop|198|201|206|Sttop
200|266.1424|24.11279|0|Grass Land|175|178|Sttop|178|175|Sttop
201|253.078|18.42595|0|Grass Land|293|294|174|199|Sttop|294|293|174|198|Sttop
202|286.4305|49.62672|0|Grass Land|208|207|203|Sttop|206|204|203|Sttop
203|274.4421|55.77465|0|Grass Land|198|216|207|204|202|Sttop|216|207|204|202|198|Sttop
204|279.5141|45.32316|0|Grass Land|206|202|203|Sttop|199|198|203|206|Sttop
205|288.8897|32.4125|0|Grass Land|175|Sttop|175|Sttop
206|290.4267|45.47686|0|Grass Land|296|202|208|180|204|199|Sttop|180|204|296|Sttop
207|282.2807|61.19511|0|Grass Land|208|203|Sttop|202|203|Sttop
208|291.1952|60.88771|0|Grass Land|181|182|180|Sttop|202|207|206|Sttop
209|205.8826|-29.69194|0|Grass Land|212|213|158|Sttop|155|156|291|Sttop
210|191.896|-33.87354|0|Grass Land|211|212|Sttop|230|213|211|Sttop
211|191.7423|-45.40091|0|Grass Land|290|215|227|210|Sttop|229|210|227|290|215|Sttop
212|215.5656|-41.55845|0|Grass Land|291|230|155|Sttop|209|210|Sttop
213|189.4368|-27.7256|0|Grass Land|210|158|215|Sttop|209|215|Sttop
214|182.5204|-26.34232|0|Grass Land|215|158|Sttop|Sttop
215|167.9191|-33.87354|0|Grass Land|160|159|290|213|211|Sttop|290|211|214|213|160|Sttop
216|266.9008|60.1051|0|Desert|197|203|179|222|Sttop|222|179|197|203|Sttop
217|232.6261|57.49223|0|Desert|195|279|193|Sttop|193|279|Sttop
218|211.1083|39.35582|0|Desert|196|192|220|Sttop|191|194|220|Sttop
219|171.7615|42.58348|0|Desert|298|Sttop|277|Sttop
220|214.336|26.90625|0|Desert|189|190|218|Sttop|196|218|190|Sttop
221|250.3014|75.60345|0|Hill|172|222|169|279|Sttop|169|279|222|Sttop
222|258.7548|73.45168|0|Hill|216|221|Sttop|221|216|Sttop
223|276.8912|83.13467|0|Hill|224|172|169|Sttop|182|179|171|224|Sttop
224|277.0449|98.35081|0|Hill|169|167|223|171|Sttop|223|169|171|Sttop
225|172.0689|-5.007137|0|Hill|161|278|Sttop|185|159|Sttop
226|145.6328|-6.236723|0|Hill|185|Sttop|184|Sttop
227|190.359|-69.9281|0|Hill|229|289|228|290|211|Sttop|289|229|290|211|Sttop
228|175.604|-93.12754|0|Ice Field|289|Sttop|289|227|Sttop
229|196.0459|-55.28374|0|Volcano|211|227|291|Sttop|227|230|289|Sttop
230|215.2581|-53.43937|0|Volcano|229|210|Sttop|291|212|Sttop
231|275.5079|133.3146|0|Ice Field|166|Sttop|232|Sttop
232|263.6731|135.7738|0|Ice Field|231|168|Sttop|168|167|Sttop
233|199.1719|106.8785|0|Ice Field|234|298|Sttop|235|298|Sttop
234|103.7688|58.77087|0|Beach|235|236|298|286|Sttop|235|236|233|298|286|Sttop
235|94.39315|64.30402|0|Beach|234|236|233|Sttop|234|236|Sttop
236|25.38258|55.54321|0|Volcano|263|271|235|234|237|Sttop|263|271|235|234|237|Sttop
237|7.092476|69.37606|0|Swamp|238|236|Sttop|238|236|Sttop
238|-2.283119|73.83332|0|Swamp|237|244|247|246|Sttop|237|244|247|246|Sttop
239|-35.88154|110.1061|0|Forest|241|240|246|Sttop|247|243|Sttop
240|-52.48096|121.9409|0|Forest|246|241|245|Sttop|245|239|246|Sttop
241|-42.49056|102.8823|0|Forest|242|Sttop|239|240|247|Sttop
242|-44.02755|94.88999|0|Forest|245|248|Sttop|241|243|247|Sttop
243|-37.41851|82.13303|0|Forest|247|242|239|248|Sttop|244|Sttop
244|-25.43005|78.59796|0|Forest|243|238|Sttop|248|238|Sttop
245|-53.71055|99.96204|0|Forest|240|Sttop|248|242|240|Sttop
246|-22.66348|121.0187|0|Beach|247|238|240|93|Sttop|240|239|238|93|Sttop
247|-28.50401|106.8785|0|Beach|239|241|242|238|Sttop|246|243|238|Sttop
248|-61.08807|92.27713|0|Beach|245|244|49|263|Sttop|242|243|49|263|Sttop
249|-84.1268|160.7633|0|Hill|91|252|90|Sttop|252|91|Sttop
250|-96.11526|160.917|0|Forest|251|90|Sttop|90|251|91|Sttop
251|-94.42458|141.551|0|Volcano|252|250|91|35|Sttop|250|252|35|Sttop
252|-87.04706|149.2359|0|Volcano|249|251|Sttop|251|249|90|Sttop
253|-32.19994|-40.78191|0|Grass Land|261|257|256|Sttop|256|257|261|Sttop
254|-49.72155|-59.22572|0|Grass Land|255|257|261|Sttop|261|257|255|Sttop
255|-60.17304|-75.51775|0|Grass Land|262|257|254|Sttop|254|257|262|Sttop
256|-31.27775|-31.86741|0|Grass Land|253|260|Sttop|260|253|Sttop
257|-27.58899|-59.22572|0|Hill|262|255|254|253|260|258|Sttop|258|260|253|254|255|262|Sttop
258|-14.67833|-62.76078|0|Hill|260|257|259|Sttop|259|257|260|Sttop
259|-3.150955|-69.36981|0|Hill|258|262|Sttop|262|258|Sttop
260|-20.67256|-48.77423|0|Hill|256|257|258|Sttop|258|257|256|Sttop
261|-37.25178|-32.94329|0|Beach|254|253|50|43|Sttop|253|254|50|43|Sttop
262|-36.17589|-77.20843|0|Beach|259|257|255|266|Sttop|257|255|259|266|Sttop
263|11.24064|17.48446|0|Beach|272|271|236|248|Sttop|272|271|236|248|Sttop
264|26.61048|-17.09766|0|Beach|265|271|Sttop|272|270|Sttop
265|32.60471|-24.01409|0|Beach|280|270|266|Sttop|264|281|266|Sttop
266|57.96494|-59.21102|0|Beach|269|267|265|262|Sttop|282|267|265|262|Sttop
267|132.6624|-54.90747|0|Beach|268|285|289|266|Sttop|285|268|289|266|Sttop
268|131.5865|-30.62312|0|Beach|274|267|288|271|Sttop|267|274|160|271|Sttop
269|64.13029|-42.3042|0|Beach|281|284|280|Sttop|266|284|282|Sttop
270|44.69001|-13.10151|0|Riverine|271|264|272|280|Sttop|281|265|Sttop
271|41.92345|1.499833|0|Riverine|272|263|268|236|Sttop|270|264|263|268|236|Sttop
272|23.32594|0.1165476|0|Riverine|263|264|Sttop|271|263|270|Sttop
273|115.0839|-40.45982|0|Riverine|284|274|Sttop|274|284|Sttop
274|128.1482|-37.84695|0|Riverine|273|268|Sttop|268|273|Sttop
275|203.1952|0.2702513|0|Riverine|156|190|Sttop|189|157|Sttop
276|169.3531|23.07207|0|Riverine|277|192|286|Sttop|286|186|277|192|Sttop
277|158.9017|35.36794|0|Riverine|219|286|276|Sttop|276|286|298|Sttop
278|156.4425|15.07975|0|Riverine|183|Sttop|225|Sttop
279|229.1509|66.61298|0|Riverine|221|217|297|Sttop|195|297|217|221|Sttop
280|43.44972|-33.8189|0|Hill|283|Sttop|265|269|270|Sttop
281|54.3623|-29.97644|0|Hill|270|265|282|Sttop|269|283|Sttop
282|51.28833|-52.8775|0|Hill|266|269|Sttop|283|281|Sttop
283|45.44779|-46.88326|0|Hill|282|281|Sttop|280|Sttop
284|90.61958|-57.10257|0|Volcano|269|285|273|Sttop|269|273|285|Sttop
285|121.2056|-54.48969|0|Volcano|267|284|Sttop|284|267|Sttop
286|149.0827|15.93148|0|Beach|276|287|277|234|Sttop|287|277|276|234|Sttop
287|136.0183|-8.501478|0|Beach|286|288|Sttop|288|286|Sttop
288|150.6197|-25.19003|0|Beach|287|Sttop|160|287|268|Sttop
289|174.2892|-86.20828|0|Beach|227|228|229|267|Sttop|228|227|267|Sttop
290|168.4487|-48.70588|0|Beach|215|227|211|Sttop|211|227|215|Sttop
291|232.3872|-58.69627|0|Beach|230|209|Sttop|212|229|Sttop
292|218.7081|-3.364859|0|Beach|155|189|Sttop|156|155|Sttop
293|239.7647|13.54196|0|Beach|196|201|Sttop|201|196|Sttop
294|259.5918|-0.1371956|0|Beach|201|Sttop|174|201|Sttop
295|280.1874|-1.520481|0|Beach|173|174|177|Sttop|177|174|173|Sttop
296|295.4473|36.41382|0|Beach|178|206|Sttop|206|178|Sttop
297|224.8998|79.42725|0|Beach|165|279|172|Sttop|195|172|165|279|Sttop
298|175.5626|47.91909|0|Beach|195|277|192|233|234|Sttop|219|233|234|Sttop
